0 0.064555 0.809023 0.121803 0.124845
0 0.186967 0.809642 0.120585 0.118665
0 0.309988 0.810878 0.125457 0.123609
0 0.436054 0.811496 0.121803 0.124845
0 0.557247 0.811496 0.123021 0.124845
0 0.678441 0.810260 0.124239 0.122373
0 0.803289 0.810260 0.123021 0.129790
0 0.926309 0.811496 0.123021 0.129790
1 0.064555 0.185414 0.121803 0.126082
1 0.187576 0.186650 0.121803 0.126082
1 0.312424 0.184796 0.125457 0.124845
1 0.433618 0.187886 0.121803 0.128554
1 0.556638 0.185414 0.121803 0.123609
1 0.681486 0.185414 0.118149 0.121137
1 0.804507 0.186032 0.120585 0.124845
1 0.929354 0.186032 0.124239 0.124845
1 0.926918 0.183560 0.124239 0.124845
2 0.062119 0.936959 0.121803 0.126082
4 0.188185 0.936341 0.125457 0.127318
6 0.312424 0.935105 0.120585 0.127318
8 0.434227 0.936341 0.118149 0.127318
6 0.679659 0.936959 0.114495 0.126082
4 0.801462 0.937577 0.119367 0.124845
2 0.927527 0.936959 0.123021 0.126082
3 0.061510 0.061187 0.115713 0.117429
5 0.187576 0.062423 0.112058 0.117429
7 0.306943 0.058714 0.116931 0.114957
9 0.432400 0.060569 0.116931 0.118665
11 0.554811 0.059333 0.115713 0.116193
7 0.677832 0.059333 0.113276 0.113721
5 0.805116 0.058714 0.112058 0.110012
3 0.928136 0.059333 0.095006 0.113721