1 0.066749 0.319581 0.084054 0.099754
1 0.186650 0.440887 0.091471 0.103448
4 0.188504 0.565271 0.112485 0.108374
0 0.186650 0.690271 0.093943 0.107143
0 0.067985 0.813424 0.086527 0.112069
2 0.434487 0.817118 0.100124 0.102217
4 0.438195 0.687808 0.114957 0.114532
0 0.684178 0.814039 0.102596 0.103448
0 0.810260 0.814039 0.092707 0.105911
10 0.809023 0.935961 0.127318 0.120690
1 0.682324 0.440271 0.093943 0.114532
1 0.812114 0.441502 0.088999 0.102217
7 0.813350 0.189039 0.116193 0.119458
11 0.684796 0.189655 0.116193 0.115764
3 0.307169 0.189039 0.102596 0.114532
7 0.312114 0.064655 0.105068 0.116995