11 0.310578 0.065351 0.121771 0.110974
6 0.437884 0.065968 0.108241 0.114673
5 0.312423 0.185573 0.113161 0.117139
1 0.436654 0.315043 0.091021 0.109741
1 0.308733 0.438348 0.093481 0.109741
1 0.810578 0.318126 0.088561 0.103576
1 0.683272 0.437115 0.089791 0.114673
0 0.434194 0.439581 0.093481 0.109741
0 0.309348 0.563502 0.092251 0.103576
10 0.188807 0.688656 0.111931 0.114673
0 0.066421 0.814427 0.081181 0.102343
0 0.682042 0.561036 0.092251 0.106042
0 0.806888 0.439581 0.083641 0.109741
0 0.932964 0.314427 0.089791 0.106042
7 0.932349 0.562885 0.100861 0.109741
4 0.933579 0.935265 0.113161 0.109741