2 0.061281 0.936464 0.116992 0.121547
11 0.185237 0.935083 0.119777 0.129834
3 0.309192 0.937845 0.122563 0.124309
9 0.562674 0.935083 0.122563 0.124309
3 0.937326 0.933702 0.125348 0.127072
1 0.309192 0.812155 0.122563 0.127072
1 0.183844 0.686464 0.128134 0.129834
1 0.434540 0.686464 0.122563 0.124309
1 0.561281 0.560773 0.119777 0.127072
1 0.561281 0.436464 0.125348 0.121547
7 0.688022 0.559392 0.122563 0.124309
4 0.813370 0.563536 0.122563 0.127072
7 0.935933 0.686464 0.122563 0.124309
1 0.938719 0.812155 0.122563 0.121547
5 0.685237 0.686464 0.122563 0.124309
5 0.438719 0.562155 0.125348 0.124309
0 0.311978 0.437845 0.122563 0.124309
4 0.185237 0.562155 0.125348 0.124309
8 0.185237 0.437845 0.125348 0.124309
0 0.182451 0.189227 0.119777 0.124309
0 0.062674 0.190608 0.119777 0.127072
10 0.061281 0.063536 0.116992 0.121547
6 0.561281 0.189227 0.119777 0.129834
0 0.683844 0.189227 0.125348 0.124309
0 0.811978 0.189227 0.125348 0.129834
0 0.937326 0.189227 0.125348 0.124309
2 0.937326 0.063536 0.125348 0.121547